2252
0 1 |
0 30 |
0 31 _
1 2 _
1 30 _
1 31 |
1 32 |
2 3 |
2 31 |
2 32 |
2 33 _
3 4 _
3 32 _
3 33 |
3 34 |
4 5 |
4 33 |
4 34 _
4 35 |
5 6 _
5 34 |
5 35 |
5 36 _
6 7 |
6 35 |
6 36 |
6 37 _
7 8 _
7 36 |
7 37 |
7 38 |
8 9 |
8 37 |
8 38 |
8 39 _
9 10 |
9 38 _
9 39 |
9 40 _
10 11 |
10 39 _
10 40 |
10 41 _
11 12 _
11 40 |
11 41 |
11 42 _
12 13 _
12 41 |
12 42 |
12 43 |
13 14 _
13 42 |
13 43 |
13 44 |
14 15 _
14 43 |
14 44 |
14 45 |
15 16 _
15 44 |
15 45 |
15 46 |
16 17 _
16 45 |
16 46 |
16 47 |
17 18 _
17 46 |
17 47 |
17 48 |
18 19 _
18 47 |
18 48 |
18 49 |
19 20 |
19 48 _
19 49 |
19 50 |
20 21 |
20 49 _
20 50 _
20 51 |
21 22 _
21 50 |
21 51 _
21 52 |
22 23 |
22 51 |
22 52 |
22 53 _
23 24 _
23 52 _
23 53 |
23 54 |
24 25 _
24 53 |
24 54 |
24 55 _
25 26 _
25 54 |
25 55 |
25 56 |
26 27 _
26 55 |
26 56 |
26 57 |
27 28 _
27 56 |
27 57 |
27 58 |
28 29 |
28 57 |
28 58 |
28 59 _
29 58 _
29 59 _
30 31 |
30 60 |
30 61 _
31 32 |
31 60 _
31 61 |
31 62 |
32 33 _
32 61 |
32 62 |
32 63 |
33 34 |
33 62 |
33 63 |
33 64 |
34 35 _
34 63 |
34 64 |
34 65 |
35 36 |
35 64 |
35 65 _
35 66 |
36 37 |
36 65 |
36 66 |
36 67 _
37 38 _
37 66 |
37 67 |
37 68 |
38 39 |
38 67 |
38 68 |
38 69 |
39 40 |
39 68 |
39 69 |
39 70 _
40 41 |
40 69 _
40 70 |
40 71 |
41 42 |
41 70 |
41 71 _
41 72 |
42 43 _
42 71 |
42 72 |
42 73 |
43 44 _
43 72 |
43 73 |
43 74 |
44 45 |
44 73 _
44 74 |
44 75 |
45 46 _
45 74 _
45 75 |
45 76 |
46 47 _
46 75 |
46 76 |
46 77 |
47 48 |
47 76 _
47 77 |
47 78 |
48 49 |
48 77 _
48 78 |
48 79 |
49 50 |
49 78 |
49 79 _
49 80 |
50 51 _
50 79 |
50 80 |
50 81 |
51 52 |
51 80 |
51 81 |
51 82 |
52 53 |
52 81 _
52 82 |
52 83 |
53 54 |
53 82 |
53 83 _
53 84 |
54 55 |
54 83 _
54 84 _
54 85 |
55 56 |
55 84 _
55 85 |
55 86 |
56 57 _
56 85 |
56 86 _
56 87 |
57 58 |
57 86 |
57 87 |
57 88 _
58 59 |
58 87 _
58 88 |
58 89 |
59 88 |
59 89 |
60 61 |
60 90 |
60 91 _
61 62 |
61 90 _
61 91 |
61 92 |
62 63 _
62 91 |
62 92 _
62 93 |
63 64 |
63 92 |
63 93 |
63 94 _
64 65 |
64 93 _
64 94 |
64 95 _
65 66 _
65 94 |
65 95 |
65 96 |
66 67 |
66 95 |
66 96 |
66 97 _
67 68 _
67 96 _
67 97 |
67 98 |
68 69 |
68 97 |
68 98 |
68 99 _
69 70 |
69 98 |
69 99 |
69 100 _
70 71 |
70 99 |
70 100 |
70 101 _
71 72 _
71 100 |
71 101 |
71 102 |
72 73 |
72 101 |
72 102 |
72 103 _
73 74 |
73 102 _
73 103 |
73 104 |
74 75 _
74 103 |
74 104 |
74 105 |
75 76 |
75 104 _
75 105 |
75 106 |
76 77 |
76 105 |
76 106 _
76 107 |
77 78 |
77 106 |
77 107 |
77 108 |
78 79 |
78 107 _
78 108 _
78 109 |
79 80 |
79 108 _
79 109 |
79 110 |
80 81 |
80 109 |
80 110 _
80 111 |
81 82 |
81 110 _
81 111 |
81 112 |
82 83 |
82 111 _
82 112 _
82 113 |
83 84 |
83 112 |
83 113 |
83 114 |
84 85 |
84 113 |
84 114 |
84 115 |
85 86 _
85 114 _
85 115 |
85 116 |
86 87 |
86 115 |
86 116 |
86 117 |
87 88 |
87 116 _
87 117 |
87 118 |
88 89 _
88 117 |
88 118 |
88 119 |
89 118 |
89 119 _
90 91 |
90 120 _
90 121 |
91 92 |
91 120 |
91 121 _
91 122 |
92 93 |
92 121 |
92 122 |
92 123 _
93 94 _
93 122 |
93 123 |
93 124 |
94 95 |
94 123 |
94 124 |
94 125 |
95 96 |
95 124 |
95 125 |
95 126 _
96 97 |
96 125 |
96 126 |
96 127 |
97 98 |
97 126 |
97 127 |
97 128 _
98 99 _
98 127 |
98 128 |
98 129 _
99 100 |
99 128 |
99 129 |
99 130 |
100 101 |
100 129 |
100 130 |
100 131 _
101 102 |
101 130 _
101 131 |
101 132 |
102 103 _
102 131 |
102 132 _
102 133 |
103 104 |
103 132 |
103 133 |
103 134 |
104 105 |
104 133 _
104 134 |
104 135 |
105 106 |
105 134 |
105 135 _
105 136 |
106 107 |
106 135 |
106 136 _
106 137 |
107 108 |
107 136 _
107 137 |
107 138 |
108 109 |
108 137 |
108 138 |
108 139 |
109 110 |
109 138 _
109 139 _
109 140 |
110 111 |
110 139 |
110 140 |
110 141 |
111 112 |
111 140 |
111 141 _
111 142 |
112 113 |
112 141 |
112 142 _
112 143 |
113 114 _
113 142 |
113 143 |
113 144 |
114 115 |
114 143 |
114 144 |
114 145 _
115 116 |
115 144 |
115 145 |
115 146 _
116 117 _
116 145 |
116 146 |
116 147 |
117 118 |
117 146 |
117 147 _
117 148 |
118 119 |
118 147 |
118 148 _
118 149 _
119 148 |
119 149 _
120 121 |
120 150 |
120 151 _
121 122 |
121 150 _
121 151 |
121 152 |
122 123 _
122 151 _
122 152 |
122 153 |
123 124 |
123 152 |
123 153 |
123 154 |
124 125 _
124 153 _
124 154 |
124 155 |
125 126 |
125 154 _
125 155 |
125 156 |
126 127 |
126 155 _
126 156 |
126 157 |
127 128 _
127 156 |
127 157 |
127 158 _
128 129 |
128 157 |
128 158 |
128 159 |
129 130 _
129 158 |
129 159 |
129 160 |
130 131 |
130 159 |
130 160 |
130 161 |
131 132 |
131 160 |
131 161 _
131 162 |
132 133 |
132 161 |
132 162 _
132 163 |
133 134 _
133 162 |
133 163 |
133 164 |
134 135 |
134 163 _
134 164 |
134 165 |
135 136 |
135 164 |
135 165 _
135 166 |
136 137 |
136 165 |
136 166 |
136 167 |
137 138 |
137 166 _
137 167 |
137 168 |
138 139 |
138 167 _
138 168 |
138 169 |
139 140 |
139 168 _
139 169 |
139 170 |
140 141 |
140 169 _
140 170 _
140 171 |
141 142 |
141 170 |
141 171 _
141 172 |
142 143 _
142 171 |
142 172 |
142 173 |
143 144 _
143 172 |
143 173 |
143 174 |
144 145 |
144 173 |
144 174 |
144 175 _
145 146 _
145 174 |
145 175 |
145 176 |
146 147 |
146 175 |
146 176 _
146 177 |
147 148 |
147 176 |
147 177 |
147 178 _
148 149 |
148 177 |
148 178 |
148 179 _
149 178 |
149 179 |
150 151 |
150 180 _
150 181 |
151 152 |
151 180 |
151 181 |
151 182 |
152 153 _
152 181 |
152 182 |
152 183 |
153 154 |
153 182 |
153 183 |
153 184 _
154 155 _
154 183 |
154 184 |
154 185 |
155 156 |
155 184 |
155 185 |
155 186 |
156 157 _
156 185 _
156 186 |
156 187 |
157 158 |
157 186 |
157 187 |
157 188 _
158 159 |
158 187 _
158 188 |
158 189 |
159 160 _
159 188 |
159 189 _
159 190 |
160 161 _
160 189 |
160 190 |
160 191 |
161 162 |
161 190 |
161 191 |
161 192 |
162 163 |
162 191 |
162 192 |
162 193 _
163 164 _
163 192 |
163 193 |
163 194 |
164 165 |
164 193 |
164 194 |
164 195 _
165 166 _
165 194 _
165 195 |
165 196 |
166 167 |
166 195 |
166 196 |
166 197 _
167 168 |
167 196 _
167 197 |
167 198 |
168 169 _
168 197 |
168 198 |
168 199 |
169 170 |
169 198 |
169 199 |
169 200 |
170 171 _
170 199 |
170 200 |
170 201 |
171 172 |
171 200 |
171 201 |
171 202 |
172 173 _
172 201 |
172 202 |
172 203 _
173 174 _
173 202 |
173 203 |
173 204 |
174 175 |
174 203 |
174 204 |
174 205 |
175 176 |
175 204 |
175 205 _
175 206 |
176 177 |
176 205 |
176 206 _
176 207 |
177 178 |
177 206 |
177 207 |
177 208 _
178 179 _
178 207 |
178 208 |
178 209 |
179 208 |
179 209 |
180 181 |
180 210 _
180 211 |
181 182 |
181 210 _
181 211 |
181 212 _
182 183 |
182 211 _
182 212 |
182 213 _
183 184 |
183 212 |
183 213 _
183 214 _
184 185 _
184 213 |
184 214 |
184 215 |
185 186 |
185 214 |
185 215 |
185 216 |
186 187 _
186 215 |
186 216 _
186 217 |
187 188 |
187 216 |
187 217 |
187 218 |
188 189 |
188 217 |
188 218 |
188 219 _
189 190 |
189 218 _
189 219 |
189 220 _
190 191 |
190 219 |
190 220 |
190 221 _
191 192 _
191 220 |
191 221 _
191 222 |
192 193 _
192 221 |
192 222 |
192 223 |
193 194 |
193 222 |
193 223 |
193 224 |
194 195 |
194 223 |
194 224 |
194 225 _
195 196 |
195 224 _
195 225 |
195 226 |
196 197 |
196 225 |
196 226 _
196 227 |
197 198 |
197 226 |
197 227 _
197 228 |
198 199 _
198 227 _
198 228 |
198 229 |
199 200 _
199 228 _
199 229 |
199 230 |
200 201 |
200 229 |
200 230 |
200 231 |
201 202 _
201 230 |
201 231 _
201 232 |
202 203 |
202 231 |
202 232 |
202 233 _
203 204 |
203 232 _
203 233 |
203 234 |
204 205 _
204 233 |
204 234 _
204 235 |
205 206 |
205 234 |
205 235 |
205 236 |
206 207 |
206 235 _
206 236 |
206 237 |
207 208 |
207 236 |
207 237 _
207 238 _
208 209 _
208 237 |
208 238 |
208 239 _
209 238 |
209 239 |
210 211 |
210 240 |
210 241 |
211 212 |
211 240 _
211 241 |
211 242 _
212 213 |
212 241 _
212 242 |
212 243 |
213 214 |
213 242 |
213 243 |
213 244 |
214 215 _
214 243 |
214 244 |
214 245 |
215 216 |
215 244 |
215 245 |
215 246 _
216 217 |
216 245 _
216 246 |
216 247 |
217 218 _
217 246 |
217 247 |
217 248 |
218 219 |
218 247 |
218 248 |
218 249 _
219 220 _
219 248 |
219 249 |
219 250 |
220 221 |
220 249 |
220 250 |
220 251 |
221 222 |
221 250 |
221 251 |
221 252 |
222 223 _
222 251 _
222 252 |
222 253 |
223 224 _
223 252 |
223 253 |
223 254 |
224 225 |
224 253 |
224 254 |
224 255 |
225 226 |
225 254 |
225 255 _
225 256 |
226 227 |
226 255 |
226 256 _
226 257 |
227 228 |
227 256 |
227 257 |
227 258 |
228 229 |
228 257 |
228 258 |
228 259 _
229 230 _
229 258 _
229 259 |
229 260 |
230 231 _
230 259 |
230 260 |
230 261 |
231 232 |
231 260 |
231 261 |
231 262 |
232 233 |
232 261 |
232 262 _
232 263 |
233 234 |
233 262 |
233 263 _
233 264 |
234 235 |
234 263 |
234 264 |
234 265 _
235 236 _
235 264 |
235 265 |
235 266 |
236 237 _
236 265 |
236 266 |
236 267 |
237 238 |
237 266 |
237 267 |
237 268 |
238 239 |
238 267 _
238 268 |
238 269 |
239 268 _
239 269 |
240 241 |
240 270 _
240 271 |
241 242 |
241 270 |
241 271 _
241 272 |
242 243 _
242 271 |
242 272 |
242 273 |
243 244 _
243 272 |
243 273 |
243 274 |
244 245 _
244 273 |
244 274 |
244 275 |
245 246 |
245 274 |
245 275 |
245 276 |
246 247 _
246 275 |
246 276 |
246 277 |
247 248 |
247 276 |
247 277 _
247 278 |
248 249 |
248 277 |
248 278 _
248 279 _
249 250 |
249 278 |
249 279 |
249 280 _
250 251 |
250 279 _
250 280 |
250 281 _
251 252 |
251 280 |
251 281 |
251 282 _
252 253 _
252 281 _
252 282 |
252 283 |
253 254 _
253 282 |
253 283 |
253 284 |
254 255 |
254 283 _
254 284 |
254 285 |
255 256 |
255 284 |
255 285 _
255 286 |
256 257 _
256 285 |
256 286 |
256 287 |
257 258 |
257 286 _
257 287 |
257 288 |
258 259 |
258 287 |
258 288 |
258 289 _
259 260 _
259 288 _
259 289 |
259 290 _
260 261 |
260 289 |
260 290 |
260 291 |
261 262 |
261 290 |
261 291 _
261 292 _
262 263 |
262 291 _
262 292 |
262 293 |
263 264 |
263 292 |
263 293 _
263 294 |
264 265 |
264 293 _
264 294 |
264 295 _
265 266 |
265 294 |
265 295 |
265 296 _
266 267 _
266 295 |
266 296 |
266 297 _
267 268 |
267 296 |
267 297 |
267 298 |
268 269 |
268 297 |
268 298 _
268 299 |
269 298 _
269 299 _
270 271 |
270 300 _
270 301 |
271 272 |
271 300 |
271 301 |
271 302 _
272 273 _
272 301 _
272 302 |
272 303 |
273 274 |
273 302 |
273 303 |
273 304 _
274 275 _
274 303 |
274 304 |
274 305 _
275 276 |
275 304 _
275 305 |
275 306 |
276 277 _
276 305 |
276 306 |
276 307 _
277 278 |
277 306 |
277 307 |
277 308 |
278 279 |
278 307 _
278 308 |
278 309 |
279 280 |
279 308 |
279 309 |
279 310 |
280 281 |
280 309 |
280 310 |
280 311 _
281 282 |
281 310 |
281 311 |
281 312 |
282 283 |
282 311 |
282 312 |
282 313 _
283 284 _
283 312 |
283 313 |
283 314 |
284 285 _
284 313 |
284 314 |
284 315 |
285 286 |
285 314 |
285 315 |
285 316 |
286 287 |
286 315 |
286 316 |
286 317 _
287 288 |
287 316 |
287 317 |
287 318 _
288 289 |
288 317 |
288 318 |
288 319 _
289 290 |
289 318 |
289 319 |
289 320 _
290 291 |
290 319 |
290 320 |
290 321 _
291 292 |
291 320 |
291 321 _
291 322 |
292 293 |
292 321 |
292 322 |
292 323 _
293 294 |
293 322 |
293 323 |
293 324 |
294 295 _
294 323 |
294 324 |
294 325 _
295 296 |
295 324 |
295 325 |
295 326 |
296 297 |
296 325 _
296 326 |
296 327 |
297 298 |
297 326 |
297 327 _
297 328 |
298 299 |
298 327 |
298 328 |
298 329 _
299 328 _
299 329 |
300 301 |
300 330 _
300 331 |
301 302 _
301 330 |
301 331 |
301 332 |
302 303 |
302 331 |
302 332 |
302 333 |
303 304 |
303 332 |
303 333 |
303 334 _
304 305 |
304 333 |
304 334 |
304 335 |
305 306 _
305 334 |
305 335 |
305 336 |
306 307 |
306 335 |
306 336 _
306 337 |
307 308 |
307 336 |
307 337 |
307 338 |
308 309 _
308 337 |
308 338 |
308 339 _
309 310 _
309 338 |
309 339 |
309 340 |
310 311 _
310 339 |
310 340 |
310 341 |
311 312 |
311 340 |
311 341 |
311 342 |
312 313 |
312 341 _
312 342 _
312 343 |
313 314 _
313 342 |
313 343 |
313 344 |
314 315 |
314 343 _
314 344 |
314 345 |
315 316 |
315 344 |
315 345 _
315 346 _
316 317 _
316 345 |
316 346 |
316 347 _
317 318 |
317 346 |
317 347 |
317 348 |
318 319 _
318 347 |
318 348 _
318 349 |
319 320 |
319 348 |
319 349 |
319 350 |
320 321 |
320 349 _
320 350 |
320 351 |
321 322 |
321 350 |
321 351 |
321 352 |
322 323 _
322 351 |
322 352 |
322 353 _
323 324 |
323 352 |
323 353 |
323 354 |
324 325 |
324 353 |
324 354 _
324 355 |
325 326 |
325 354 |
325 355 |
325 356 |
326 327 |
326 355 |
326 356 _
326 357 |
327 328 |
327 356 |
327 357 |
327 358 _
328 329 |
328 357 |
328 358 _
328 359 |
329 358 |
329 359 _
330 331 |
330 360 _
330 361 |
331 332 |
331 360 |
331 361 _
331 362 |
332 333 _
332 361 |
332 362 _
332 363 |
333 334 |
333 362 |
333 363 |
333 364 _
334 335 _
334 363 |
334 364 _
334 365 |
335 336 |
335 364 |
335 365 |
335 366 _
336 337 |
336 365 _
336 366 |
336 367 |
337 338 _
337 366 |
337 367 _
337 368 |
338 339 _
338 367 |
338 368 |
338 369 |
339 340 |
339 368 |
339 369 |
339 370 _
340 341 |
340 369 |
340 370 _
340 371 |
341 342 |
341 370 |
341 371 _
341 372 |
342 343 _
342 371 |
342 372 |
342 373 |
343 344 |
343 372 |
343 373 |
343 374 |
344 345 |
344 373 |
344 374 |
344 375 _
345 346 |
345 374 |
345 375 |
345 376 _
346 347 |
346 375 |
346 376 |
346 377 _
347 348 |
347 376 |
347 377 |
347 378 _
348 349 |
348 377 |
348 378 |
348 379 |
349 350 _
349 378 |
349 379 |
349 380 |
350 351 |
350 379 _
350 380 |
350 381 |
351 352 _
351 380 |
351 381 _
351 382 |
352 353 _
352 381 |
352 382 |
352 383 |
353 354 |
353 382 |
353 383 |
353 384 |
354 355 |
354 383 |
354 384 _
354 385 |
355 356 _
355 384 |
355 385 |
355 386 _
356 357 |
356 385 |
356 386 |
356 387 _
357 358 |
357 386 _
357 387 |
357 388 _
358 359 |
358 387 |
358 388 |
358 389 |
359 388 |
359 389 _
360 361 |
360 390 _
360 391 |
361 362 |
361 390 |
361 391 _
361 392 |
362 363 |
362 391 |
362 392 |
362 393 _
363 364 |
363 392 _
363 393 |
363 394 _
364 365 |
364 393 |
364 394 |
364 395 |
365 366 |
365 394 |
365 395 _
365 396 |
366 367 |
366 395 |
366 396 |
366 397 _
367 368 _
367 396 |
367 397 |
367 398 |
368 369 |
368 397 |
368 398 _
368 399 |
369 370 |
369 398 |
369 399 _
369 400 _
370 371 |
370 399 |
370 400 |
370 401 _
371 372 |
371 400 _
371 401 |
371 402 |
372 373 |
372 401 _
372 402 |
372 403 |
373 374 _
373 402 |
373 403 _
373 404 |
374 375 |
374 403 |
374 404 |
374 405 _
375 376 |
375 404 _
375 405 |
375 406 _
376 377 |
376 405 _
376 406 |
376 407 |
377 378 _
377 406 |
377 407 |
377 408 |
378 379 |
378 407 |
378 408 |
378 409 |
379 380 |
379 408 _
379 409 |
379 410 |
380 381 |
380 409 _
380 410 |
380 411 _
381 382 |
381 410 _
381 411 |
381 412 |
382 383 _
382 411 |
382 412 _
382 413 |
383 384 |
383 412 |
383 413 |
383 414 _
384 385 |
384 413 |
384 414 |
384 415 _
385 386 |
385 414 _
385 415 _
385 416 |
386 387 |
386 415 |
386 416 |
386 417 |
387 388 |
387 416 _
387 417 |
387 418 |
388 389 |
388 417 |
388 418 _
388 419 |
389 418 |
389 419 _
390 391 |
390 420 _
390 421 |
391 392 |
391 420 _
391 421 |
391 422 |
392 393 |
392 421 _
392 422 |
392 423 |
393 394 |
393 422 |
393 423 _
393 424 |
394 395 _
394 423 |
394 424 |
394 425 |
395 396 |
395 424 |
395 425 |
395 426 |
396 397 |
396 425 _
396 426 |
396 427 _
397 398 |
397 426 _
397 427 |
397 428 |
398 399 |
398 427 _
398 428 |
398 429 |
399 400 |
399 428 |
399 429 |
399 430 _
400 401 |
400 429 |
400 430 |
400 431 |
401 402 |
401 430 |
401 431 |
401 432 _
402 403 _
402 431 _
402 432 |
402 433 |
403 404 |
403 432 |
403 433 |
403 434 |
404 405 |
404 433 _
404 434 |
404 435 |
405 406 |
405 434 |
405 435 |
405 436 |
406 407 |
406 435 |
406 436 |
406 437 _
407 408 _
407 436 _
407 437 |
407 438 |
408 409 |
408 437 |
408 438 |
408 439 |
409 410 |
409 438 _
409 439 |
409 440 |
410 411 |
410 439 _
410 440 |
410 441 |
411 412 _
411 440 |
411 441 |
411 442 |
412 413 |
412 441 |
412 442 |
412 443 |
413 414 |
413 442 |
413 443 _
413 444 _
414 415 |
414 443 |
414 444 |
414 445 |
415 416 |
415 444 |
415 445 _
415 446 |
416 417 |
416 445 |
416 446 _
416 447 |
417 418 |
417 446 |
417 447 |
417 448 _
418 419 _
418 447 |
418 448 |
418 449 |
419 448 |
419 449 |
420 421 |
420 450 _
420 451 |
421 422 |
421 450 |
421 451 _
421 452 |
422 423 _
422 451 |
422 452 _
422 453 |
423 424 |
423 452 |
423 453 |
423 454 |
424 425 |
424 453 _
424 454 _
424 455 |
425 426 |
425 454 |
425 455 _
425 456 |
426 427 |
426 455 |
426 456 _
426 457 |
427 428 |
427 456 |
427 457 |
427 458 _
428 429 _
428 457 |
428 458 _
428 459 |
429 430 |
429 458 |
429 459 |
429 460 |
430 431 _
430 459 |
430 460 |
430 461 |
431 432 |
431 460 |
431 461 |
431 462 |
432 433 |
432 461 |
432 462 |
432 463 _
433 434 |
433 462 |
433 463 |
433 464 |
434 435 |
434 463 |
434 464 _
434 465 _
435 436 _
435 464 |
435 465 |
435 466 _
436 437 |
436 465 |
436 466 |
436 467 |
437 438 _
437 466 |
437 467 |
437 468 |
438 439 |
438 467 _
438 468 |
438 469 |
439 440 _
439 468 |
439 469 |
439 470 |
440 441 _
440 469 |
440 470 |
440 471 |
441 442 _
441 470 |
441 471 |
441 472 |
442 443 _
442 471 |
442 472 |
442 473 |
443 444 |
443 472 |
443 473 |
443 474 |
444 445 |
444 473 _
444 474 |
444 475 |
445 446 |
445 474 |
445 475 _
445 476 |
446 447 |
446 475 |
446 476 _
446 477 |
447 448 |
447 476 _
447 477 _
447 478 |
448 449 _
448 477 |
448 478 |
448 479 _
449 478 _
449 479 |
450 451 |
450 480 _
450 481 |
451 452 |
451 480 |
451 481 |
451 482 _
452 453 |
452 481 _
452 482 |
452 483 |
453 454 |
453 482 _
453 483 |
453 484 |
454 455 |
454 483 |
454 484 _
454 485 |
455 456 |
455 484 |
455 485 |
455 486 |
456 457 |
456 485 |
456 486 _
456 487 |
457 458 |
457 486 |
457 487 _
457 488 _
458 459 |
458 487 |
458 488 |
458 489 |
459 460 |
459 488 _
459 489 _
459 490 |
460 461 _
460 489 _
460 490 |
460 491 |
461 462 |
461 490 |
461 491 _
461 492 |
462 463 |
462 491 _
462 492 _
462 493 |
463 464 |
463 492 |
463 493 |
463 494 _
464 465 |
464 493 _
464 494 |
464 495 _
465 466 |
465 494 _
465 495 |
465 496 |
466 467 |
466 495 |
466 496 |
466 497 _
467 468 |
467 496 _
467 497 |
467 498 |
468 469 _
468 497 _
468 498 |
468 499 |
469 470 |
469 498 |
469 499 _
469 500 |
470 471 _
470 499 |
470 500 _
470 501 |
471 472 _
471 500 |
471 501 |
471 502 |
472 473 |
472 501 _
472 502 |
472 503 |
473 474 |
473 502 |
473 503 _
473 504 |
474 475 |
474 503 |
474 504 _
474 505 _
475 476 |
475 504 |
475 505 _
475 506 |
476 477 |
476 505 |
476 506 |
476 507 |
477 478 |
477 506 _
477 507 |
477 508 |
478 479 |
478 507 |
478 508 _
478 509 |
479 508 |
479 509 _
480 481 |
480 510 |
480 511 _
481 482 |
481 510 _
481 511 |
481 512 |
482 483 |
482 511 |
482 512 |
482 513 |
483 484 _
483 512 |
483 513 _
483 514 |
484 485 |
484 513 |
484 514 |
484 515 |
485 486 |
485 514 _
485 515 |
485 516 _
486 487 |
486 515 |
486 516 _
486 517 |
487 488 |
487 516 |
487 517 _
487 518 |
488 489 |
488 517 |
488 518 |
488 519 |
489 490 |
489 518 |
489 519 |
489 520 |
490 491 |
490 519 _
490 520 |
490 521 |
491 492 |
491 520 |
491 521 |
491 522 |
492 493 |
492 521 |
492 522 |
492 523 _
493 494 |
493 522 |
493 523 |
493 524 |
494 495 |
494 523 |
494 524 |
494 525 |
495 496 _
495 524 |
495 525 |
495 526 |
496 497 |
496 525 |
496 526 |
496 527 |
497 498 |
497 526 |
497 527 |
497 528 |
498 499 _
498 527 _
498 528 |
498 529 |
499 500 |
499 528 |
499 529 |
499 530 |
500 501 |
500 529 _
500 530 _
500 531 |
501 502 |
501 530 |
501 531 |
501 532 _
502 503 |
502 531 |
502 532 |
502 533 _
503 504 |
503 532 _
503 533 |
503 534 |
504 505 |
504 533 _
504 534 |
504 535 _
505 506 |
505 534 |
505 535 |
505 536 |
506 507 _
506 535 |
506 536 |
506 537 |
507 508 _
507 536 |
507 537 |
507 538 |
508 509 |
508 537 |
508 538 |
508 539 |
509 538 |
509 539 _
510 511 |
510 540 |
510 541 _
511 512 _
511 540 |
511 541 |
511 542 |
512 513 |
512 541 |
512 542 |
512 543 |
513 514 |
513 542 _
513 543 |
513 544 |
514 515 |
514 543 |
514 544 _
514 545 |
515 516 |
515 544 |
515 545 _
515 546 _
516 517 |
516 545 |
516 546 |
516 547 |
517 518 |
517 546 |
517 547 |
517 548 _
518 519 |
518 547 _
518 548 _
518 549 |
519 520 _
519 548 |
519 549 |
519 550 |
520 521 _
520 549 |
520 550 |
520 551 |
521 522 _
521 550 |
521 551 |
521 552 |
522 523 |
522 551 _
522 552 |
522 553 _
523 524 |
523 552 _
523 553 |
523 554 |
524 525 _
524 553 |
524 554 _
524 555 |
525 526 |
525 554 |
525 555 _
525 556 |
526 527 |
526 555 _
526 556 _
526 557 |
527 528 |
527 556 _
527 557 |
527 558 |
528 529 |
528 557 |
528 558 _
528 559 |
529 530 |
529 558 |
529 559 |
529 560 _
530 531 |
530 559 |
530 560 |
530 561 _
531 532 |
531 560 |
531 561 _
531 562 _
532 533 |
532 561 |
532 562 |
532 563 |
533 534 |
533 562 |
533 563 |
533 564 |
534 535 |
534 563 _
534 564 _
534 565 |
535 536 _
535 564 |
535 565 |
535 566 |
536 537 _
536 565 |
536 566 |
536 567 |
537 538 _
537 566 |
537 567 |
537 568 |
538 539 |
538 567 |
538 568 |
538 569 |
539 568 |
539 569 _
540 541 _
540 570 _
540 571 |
541 542 |
541 570 |
541 571 |
541 572 |
542 543 |
542 571 |
542 572 |
542 573 _
543 544 |
543 572 _
543 573 _
543 574 |
544 545 _
544 573 |
544 574 |
544 575 |
545 546 |
545 574 |
545 575 |
545 576 |
546 547 _
546 575 |
546 576 |
546 577 |
547 548 |
547 576 |
547 577 |
547 578 |
548 549 |
548 577 |
548 578 |
548 579 |
549 550 _
549 578 _
549 579 |
549 580 |
550 551 |
550 579 |
550 580 |
550 581 _
551 552 |
551 580 _
551 581 |
551 582 |
552 553 |
552 581 _
552 582 |
552 583 |
553 554 _
553 582 |
553 583 |
553 584 |
554 555 |
554 583 |
554 584 |
554 585 |
555 556 |
555 584 |
555 585 |
555 586 |
556 557 |
556 585 |
556 586 |
556 587 |
557 558 |
557 586 |
557 587 _
557 588 _
558 559 |
558 587 _
558 588 |
558 589 |
559 560 |
559 588 |
559 589 _
559 590 _
560 561 |
560 589 |
560 590 |
560 591 _
561 562 |
561 590 |
561 591 |
561 592 |
562 563 |
562 591 |
562 592 |
562 593 _
563 564 |
563 592 _
563 593 |
563 594 |
564 565 _
564 593 |
564 594 |
564 595 |
565 566 |
565 594 |
565 595 |
565 596 _
566 567 |
566 595 |
566 596 _
566 597 _
567 568 |
567 596 |
567 597 _
567 598 _
568 569 _
568 597 |
568 598 |
568 599 _
569 598 |
569 599 |
570 571 _
571 572 _
572 573 |
573 574 |
574 575 _
575 576 _
576 577 _
577 578 _
578 579 _
579 580 _
580 581 |
581 582 |
582 583 _
583 584 _
584 585 _
585 586 _
586 587 _
587 588 |
588 589 _
589 590 |
590 591 _
591 592 |
592 593 _
593 594 _
594 595 _
595 596 |
596 597 |
597 598 |
598 599 _
