1701
0 30 |
0 1 _
1 30 |
1 31 _
1 2 |
2 31 |
2 32 _
2 3 _
3 32 |
3 33 |
3 4 _
4 33 |
4 34 |
4 5 _
5 34 |
5 35 |
5 6 _
6 35 |
6 36 _
6 7 _
7 36 |
7 37 _
7 8 |
8 37 |
8 38 |
8 9 _
9 38 |
9 39 _
9 10 |
10 39 _
10 40 |
10 11 _
11 40 |
11 41 |
11 12 _
12 41 |
12 42 |
12 13 _
13 42 |
13 43 |
13 14 _
14 43 _
14 44 |
14 15 _
15 44 |
15 45 |
15 16 _
16 45 |
16 46 _
16 17 |
17 46 |
17 47 _
17 18 _
18 47 |
18 48 _
18 19 |
19 48 _
19 49 |
19 20 _
20 49 |
20 50 |
20 21 _
21 50 _
21 51 |
21 22 |
22 51 _
22 52 |
22 23 |
23 52 _
23 53 _
23 24 _
24 53 |
24 54 |
24 25 |
25 54 _
25 55 |
25 26 _
26 55 |
26 56 |
26 27 _
27 56 |
27 57 |
27 28 _
28 57 |
28 58 _
28 29 |
29 58 _
29 59 _
30 60 _
30 61 |
30 31 |
31 61 _
31 62 |
31 32 |
32 62 |
32 63 |
32 33 _
33 63 |
33 64 |
33 34 _
34 64 |
34 65 |
34 35 _
35 65 _
35 66 |
35 36 |
36 66 _
36 67 |
36 37 |
37 67 |
37 68 |
37 38 _
38 68 |
38 69 _
38 39 |
39 69 |
39 70 _
39 40 |
40 70 _
40 71 |
40 41 _
41 71 |
41 72 |
41 42 _
42 72 |
42 73 |
42 43 |
43 73 _
43 74 |
43 44 |
44 74 _
44 75 |
44 45 _
45 75 _
45 76 _
45 46 |
46 76 |
46 77 |
46 47 _
47 77 |
47 78 |
47 48 |
48 78 |
48 79 |
48 49 |
49 79 _
49 80 |
49 50 _
50 80 |
50 81 |
50 51 |
51 81 _
51 82 |
51 52 _
52 82 |
52 83 |
52 53 |
53 83 |
53 84 _
53 54 |
54 84 _
54 85 |
54 55 |
55 85 _
55 86 |
55 56 _
56 86 _
56 87 |
56 57 |
57 87 _
57 88 _
57 58 |
58 88 |
58 89 |
58 59 |
59 89 _
60 90 _
60 61 _
61 90 |
61 91 |
61 62 |
62 91 _
62 92 _
62 63 |
63 92 _
63 93 _
63 64 |
64 93 |
64 94 |
64 65 _
65 94 |
65 95 |
65 66 |
66 95 _
66 96 |
66 67 |
67 96 |
67 97 |
67 68 _
68 97 _
68 98 |
68 69 |
69 98 _
69 99 |
69 70 |
70 99 |
70 100 |
70 71 |
71 100 |
71 101 _
71 72 _
72 101 |
72 102 _
72 73 |
73 102 _
73 103 |
73 74 |
74 103 _
74 104 |
74 75 |
75 104 _
75 105 |
75 76 |
76 105 |
76 106 _
76 77 |
77 106 _
77 107 |
77 78 _
78 107 |
78 108 |
78 79 |
79 108 _
79 109 |
79 80 |
80 109 _
80 110 _
80 81 |
81 110 |
81 111 |
81 82 _
82 111 |
82 112 |
82 83 _
83 112 _
83 113 |
83 84 |
84 113 |
84 114 |
84 85 |
85 114 _
85 115 |
85 86 |
86 115 |
86 116 |
86 87 |
87 116 _
87 117 |
87 88 |
88 117 |
88 118 |
88 89 _
89 118 _
89 119 |
90 120 _
90 121 |
90 91 |
91 121 _
91 122 |
91 92 |
92 122 |
92 123 |
92 93 |
93 123 |
93 124 _
93 94 |
94 124 _
94 125 _
94 95 |
95 125 |
95 126 |
95 96 _
96 126 _
96 127 |
96 97 |
97 127 _
97 128 _
97 98 |
98 128 |
98 129 |
98 99 _
99 129 |
99 130 |
99 100 _
100 130 _
100 131 |
100 101 |
101 131 _
101 132 |
101 102 |
102 132 |
102 133 |
102 103 |
103 133 |
103 134 _
103 104 |
104 134 |
104 135 _
104 105 |
105 135 |
105 136 _
105 106 _
106 136 |
106 137 |
106 107 |
107 137 |
107 138 _
107 108 _
108 138 |
108 139 |
108 109 |
109 139 _
109 140 |
109 110 |
110 140 _
110 141 _
110 111 |
111 141 |
111 142 _
111 112 _
112 142 |
112 143 |
112 113 |
113 143 _
113 144 |
113 114 _
114 144 |
114 145 |
114 115 _
115 145 _
115 146 _
115 116 |
116 146 |
116 147 _
116 117 |
117 147 |
117 148 _
117 118 |
118 148 |
118 149 _
118 119 |
119 149 _
120 150 _
120 121 |
121 150 _
121 151 |
121 122 |
122 151 _
122 152 |
122 123 _
123 152 |
123 153 _
123 124 |
124 153 |
124 154 |
124 125 |
125 154 |
125 155 _
125 126 |
126 155 _
126 156 |
126 127 |
127 156 _
127 157 |
127 128 |
128 157 |
128 158 |
128 129 _
129 158 |
129 159 |
129 130 |
130 159 _
130 160 |
130 131 |
131 160 _
131 161 |
131 132 |
132 161 _
132 162 |
132 133 _
133 162 _
133 163 |
133 134 |
134 163 _
134 164 |
134 135 |
135 164 |
135 165 _
135 136 |
136 165 |
136 166 |
136 137 |
137 166 _
137 167 |
137 138 _
138 167 |
138 168 |
138 139 |
139 168 _
139 169 |
139 140 |
140 169 _
140 170 |
140 141 |
141 170 |
141 171 |
141 142 |
142 171 |
142 172 _
142 143 |
143 172 |
143 173 |
143 144 |
144 173 _
144 174 _
144 145 |
145 174 |
145 175 _
145 146 |
146 175 |
146 176 |
146 147 |
147 176 _
147 177 |
147 148 |
148 177 _
148 178 |
148 149 _
149 178 |
149 179 _
150 180 |
150 181 |
150 151 |
151 181 _
151 182 |
151 152 _
152 182 |
152 183 _
152 153 |
153 183 |
153 184 |
153 154 _
154 184 _
154 185 |
154 155 |
155 185 |
155 186 |
155 156 |
156 186 |
156 187 _
156 157 |
157 187 |
157 188 _
157 158 _
158 188 |
158 189 _
158 159 |
159 189 |
159 190 |
159 160 _
160 190 |
160 191 |
160 161 |
161 191 |
161 192 |
161 162 |
162 192 _
162 193 |
162 163 |
163 193 |
163 194 |
163 164 _
164 194 _
164 195 |
164 165 |
165 195 _
165 196 _
165 166 |
166 196 |
166 197 |
166 167 _
167 197 _
167 198 |
167 168 |
168 198 _
168 199 |
168 169 |
169 199 |
169 200 |
169 170 _
170 200 |
170 201 |
170 171 _
171 201 _
171 202 |
171 172 |
172 202 _
172 203 |
172 173 |
173 203 _
173 204 _
173 174 |
174 204 |
174 205 |
174 175 _
175 205 |
175 206 |
175 176 |
176 206 _
176 207 |
176 177 |
177 207 |
177 208 |
177 178 |
178 208 _
178 209 _
178 179 |
179 209 |
180 210 |
180 181 _
181 210 |
181 211 |
181 182 _
182 211 |
182 212 |
182 183 |
183 212 |
183 213 _
183 184 |
184 213 |
184 214 |
184 185 _
185 214 |
185 215 _
185 186 |
186 215 _
186 216 |
186 187 _
187 216 _
187 217 |
187 188 |
188 217 |
188 218 _
188 189 |
189 218 |
189 219 |
189 190 _
190 219 |
190 220 _
190 191 _
191 220 |
191 221 _
191 192 |
192 221 |
192 222 |
192 193 _
193 222 |
193 223 |
193 194 _
194 223 |
194 224 |
194 195 |
195 224 _
195 225 |
195 196 |
196 225 |
196 226 |
196 197 |
197 226 _
197 227 |
197 198 |
198 227 |
198 228 |
198 199 _
199 228 |
199 229 _
199 200 |
200 229 |
200 230 _
200 201 _
201 230 |
201 231 |
201 202 |
202 231 _
202 232 |
202 203 |
203 232 |
203 233 _
203 204 |
204 233 |
204 234 |
204 205 _
205 234 |
205 235 _
205 206 |
206 235 |
206 236 |
206 207 _
207 236 |
207 237 |
207 208 _
208 237 |
208 238 |
208 209 |
209 238 _
209 239 |
210 240 _
210 241 _
210 211 _
211 241 |
211 242 |
211 212 _
212 242 |
212 243 |
212 213 _
213 243 _
213 244 |
213 214 |
214 244 |
214 245 |
214 215 _
215 245 |
215 246 |
215 216 |
216 246 |
216 247 |
216 217 |
217 247 |
217 248 _
217 218 _
218 248 |
218 249 |
218 219 |
219 249 |
219 250 _
219 220 _
220 250 |
220 251 |
220 221 |
221 251 |
221 252 _
221 222 |
222 252 |
222 253 _
222 223 _
223 253 |
223 254 |
223 224 _
224 254 _
224 255 |
224 225 |
225 255 |
225 256 _
225 226 _
226 256 |
226 257 |
226 227 |
227 257 _
227 258 |
227 228 |
228 258 _
228 259 _
228 229 |
229 259 |
229 260 _
229 230 |
230 260 |
230 261 _
230 231 |
231 261 _
231 262 |
231 232 |
232 262 |
232 263 |
232 233 _
233 263 |
233 264 |
233 234 |
234 264 _
234 265 _
234 235 |
235 265 |
235 266 |
235 236 _
236 266 |
236 267 |
236 237 _
237 267 |
237 268 _
237 238 |
238 268 |
238 269 |
238 239 _
239 269 _
240 270 |
240 241 |
241 270 _
241 271 |
241 242 |
242 271 |
242 272 _
242 243 _
243 272 |
243 273 |
243 244 |
244 273 _
244 274 |
244 245 _
245 274 |
245 275 |
245 246 _
246 275 |
246 276 _
246 247 |
247 276 |
247 277 _
247 248 _
248 277 |
248 278 |
248 249 |
249 278 |
249 279 _
249 250 _
250 279 |
250 280 |
250 251 |
251 280 |
251 281 _
251 252 |
252 281 |
252 282 |
252 253 _
253 282 |
253 283 |
253 254 |
254 283 _
254 284 |
254 255 _
255 284 |
255 285 |
255 256 |
256 285 _
256 286 |
256 257 |
257 286 _
257 287 _
257 258 |
258 287 _
258 288 |
258 259 |
259 288 |
259 289 _
259 260 |
260 289 |
260 290 _
260 261 |
261 290 |
261 291 |
261 262 |
262 291 |
262 292 _
262 263 _
263 292 |
263 293 _
263 264 |
264 293 _
264 294 |
264 265 |
265 294 |
265 295 |
265 266 _
266 295 _
266 296 |
266 267 _
267 296 |
267 297 |
267 268 _
268 297 |
268 298 |
268 269 |
269 298 |
269 299 _
270 300 _
270 301 |
270 271 |
271 301 _
271 302 |
271 272 _
272 302 |
272 303 |
272 273 |
273 303 _
273 304 |
273 274 |
274 304 |
274 305 |
274 275 _
275 305 |
275 306 _
275 276 |
276 306 |
276 307 _
276 277 |
277 307 |
277 308 _
277 278 |
278 308 |
278 309 _
278 279 _
279 309 |
279 310 |
279 280 |
280 310 _
280 311 |
280 281 _
281 311 |
281 312 |
281 282 _
282 312 |
282 313 |
282 283 |
283 313 |
283 314 _
283 284 |
284 314 |
284 315 _
284 285 _
285 315 |
285 316 |
285 286 |
286 316 |
286 317 |
286 287 |
287 317 |
287 318 _
287 288 |
288 318 |
288 319 _
288 289 _
289 319 |
289 320 |
289 290 |
290 320 |
290 321 |
290 291 _
291 321 _
291 322 |
291 292 |
292 322 _
292 323 |
292 293 |
293 323 |
293 324 |
293 294 |
294 324 _
294 325 _
294 295 |
295 325 |
295 326 |
295 296 |
296 326 |
296 327 _
296 297 _
297 327 |
297 328 |
297 298 _
298 328 |
298 329 |
298 299 _
299 329 _
300 330 _
300 301 |
301 330 |
301 331 |
301 302 |
302 331 |
302 332 _
302 303 _
303 332 |
303 333 |
303 304 |
304 333 _
304 334 _
304 305 _
305 334 |
305 335 |
305 306 _
306 335 _
306 336 |
306 307 |
307 336 |
307 337 |
307 308 _
308 337 |
308 338 |
308 309 |
309 338 |
309 339 _
309 310 |
310 339 |
310 340 _
310 311 _
311 340 |
311 341 |
311 312 _
312 341 |
312 342 |
312 313 _
313 342 |
313 343 |
313 314 _
314 343 |
314 344 |
314 315 |
315 344 _
315 345 |
315 316 |
316 345 _
316 346 _
316 317 |
317 346 _
317 347 _
317 318 |
318 347 |
318 348 _
318 319 |
319 348 |
319 349 |
319 320 _
320 349 |
320 350 _
320 321 |
321 350 _
321 351 |
321 322 |
322 351 _
322 352 |
322 323 |
323 352 _
323 353 |
323 324 _
324 353 |
324 354 |
324 325 |
325 354 |
325 355 _
325 326 |
326 355 |
326 356 _
326 327 _
327 356 |
327 357 |
327 328 |
328 357 |
328 358 _
328 329 |
329 358 _
329 359 |
330 360 _
330 361 |
330 331 _
331 361 |
331 362 _
331 332 |
332 362 |
332 363 _
332 333 |
333 363 |
333 364 _
333 334 |
334 364 |
334 365 _
334 335 |
335 365 |
335 366 _
335 336 |
336 366 |
336 367 |
336 337 _
337 367 _
337 368 |
337 338 _
338 368 |
338 369 |
338 339 |
339 369 |
339 370 _
339 340 |
340 370 |
340 371 |
340 341 _
341 371 |
341 372 _
341 342 |
342 372 _
342 373 |
342 343 _
343 373 _
343 374 |
343 344 |
344 374 |
344 375 |
344 345 _
345 375 |
345 376 |
345 346 |
346 376 |
346 377 |
346 347 |
347 377 _
347 378 |
347 348 |
348 378 |
348 379 _
348 349 |
349 379 |
349 380 _
349 350 |
350 380 |
350 381 |
350 351 |
351 381 |
351 382 |
351 352 _
352 382 |
352 383 |
352 353 |
353 383 _
353 384 _
353 354 |
354 384 |
354 385 _
354 355 _
355 385 |
355 386 |
355 356 |
356 386 _
356 387 |
356 357 |
357 387 _
357 388 _
357 358 |
358 388 |
358 389 |
358 359 _
359 389 |
360 390 _
360 361 |
361 390 _
361 391 _
361 362 |
362 391 |
362 392 _
362 363 |
363 392 _
363 393 |
363 364 |
364 393 |
364 394 |
364 365 |
365 394 |
365 395 _
365 366 |
366 395 |
366 396 _
366 367 |
367 396 _
367 397 |
367 368 |
368 397 _
368 398 _
368 369 |
369 398 _
369 399 |
369 370 _
370 399 _
370 400 |
370 371 |
371 400 _
371 401 _
371 372 |
372 401 |
372 402 |
372 373 |
373 402 |
373 403 |
373 374 _
374 403 |
374 404 _
374 375 |
375 404 |
375 405 |
375 376 _
376 405 |
376 406 _
376 377 |
377 406 |
377 407 _
377 378 |
378 407 |
378 408 _
378 379 |
379 408 |
379 409 |
379 380 _
380 409 _
380 410 |
380 381 _
381 410 |
381 411 |
381 382 _
382 411 |
382 412 |
382 383 _
383 412 _
383 413 |
383 384 |
384 413 |
384 414 |
384 385 _
385 414 |
385 415 |
385 386 |
386 415 |
386 416 _
386 387 |
387 416 _
387 417 |
387 388 |
388 417 |
388 418 |
388 389 _
389 418 |
389 419 _
390 420 |
390 421 |
390 391 |
391 421 _
391 422 |
391 392 |
392 422 |
392 423 |
392 393 |
393 423 _
393 424 _
393 394 _
394 424 |
394 425 |
394 395 _
395 425 |
395 426 |
395 396 |
396 426 |
396 427 _
396 397 |
397 427 |
397 428 _
397 398 |
398 428 |
398 429 |
398 399 |
399 429 |
399 430 _
399 400 |
400 430 |
400 431 _
400 401 |
401 431 |
401 432 |
401 402 _
402 432 |
402 433 |
402 403 _
403 433 |
403 434 _
403 404 |
404 434 |
404 435 |
404 405 _
405 435 |
405 436 |
405 406 _
406 436 |
406 437 |
406 407 |
407 437 _
407 438 |
407 408 |
408 438 _
408 439 |
408 409 _
409 439 |
409 440 |
409 410 |
410 440 _
410 441 |
410 411 _
411 441 _
411 442 |
411 412 |
412 442 |
412 443 |
412 413 |
413 443 _
413 444 |
413 414 _
414 444 |
414 445 _
414 415 |
415 445 _
415 446 _
415 416 |
416 446 |
416 447 _
416 417 |
417 447 |
417 448 |
417 418 _
418 448 _
418 449 |
418 419 |
419 449 _
420 450 _
420 421 _
421 450 |
421 451 |
421 422 |
422 451 _
422 452 |
422 423 _
423 452 |
423 453 |
423 424 |
424 453 |
424 454 _
424 425 _
425 454 |
425 455 _
425 426 |
426 455 _
426 456 _
426 427 |
427 456 |
427 457 |
427 428 |
428 457 |
428 458 |
428 429 _
429 458 |
429 459 _
429 430 |
430 459 |
430 460 |
430 431 |
431 460 _
431 461 |
431 432 |
432 461 _
432 462 _
432 433 _
433 462 |
433 463 |
433 434 |
434 463 |
434 464 |
434 435 _
435 464 |
435 465 |
435 436 _
436 465 |
436 466 _
436 437 |
437 466 _
437 467 |
437 438 |
438 467 _
438 468 |
438 439 |
439 468 _
439 469 _
439 440 |
440 469 _
440 470 |
440 441 |
441 470 |
441 471 _
441 442 |
442 471 |
442 472 _
442 443 _
443 472 |
443 473 |
443 444 |
444 473 _
444 474 |
444 445 |
445 474 |
445 475 |
445 446 |
446 475 |
446 476 _
446 447 |
447 476 |
447 477 _
447 448 |
448 477 _
448 478 |
448 449 |
449 478 |
449 479 _
450 480 _
450 481 |
450 451 |
451 481 |
451 482 |
451 452 |
452 482 _
452 483 |
452 453 _
453 483 _
453 484 |
453 454 |
454 484 |
454 485 |
454 455 |
455 485 |
455 486 |
455 456 |
456 486 |
456 487 |
456 457 _
457 487 |
457 488 |
457 458 _
458 488 |
458 489 _
458 459 |
459 489 |
459 490 _
459 460 |
460 490 _
460 491 |
460 461 |
461 491 _
461 492 |
461 462 |
462 492 |
462 493 |
462 463 _
463 493 |
463 494 |
463 464 _
464 494 _
464 495 |
464 465 _
465 495 |
465 496 |
465 466 |
466 496 |
466 497 |
466 467 |
467 497 _
467 498 |
467 468 |
468 498 |
468 499 _
468 469 |
469 499 |
469 500 |
469 470 |
470 500 |
470 501 _
470 471 |
471 501 |
471 502 |
471 472 _
472 502 |
472 503 |
472 473 |
473 503 _
473 504 _
473 474 |
474 504 _
474 505 _
474 475 |
475 505 _
475 506 _
475 476 |
476 506 |
476 507 _
476 477 |
477 507 |
477 508 |
477 478 |
478 508 _
478 509 _
478 479 |
479 509 _
480 510 _
480 481 |
481 510 _
481 511 |
481 482 _
482 511 |
482 512 |
482 483 |
483 512 |
483 513 _
483 484 |
484 513 _
484 514 |
484 485 _
485 514 |
485 515 |
485 486 _
486 515 |
486 516 _
486 487 |
487 516 _
487 517 |
487 488 _
488 517 |
488 518 _
488 489 |
489 518 |
489 519 _
489 490 |
490 519 |
490 520 |
490 491 |
491 520 _
491 521 |
491 492 |
492 521 _
492 522 |
492 493 _
493 522 _
493 523 |
493 494 |
494 523 |
494 524 |
494 495 _
495 524 |
495 525 _
495 496 _
496 525 |
496 526 |
496 497 _
497 526 |
497 527 |
497 498 |
498 527 _
498 528 |
498 499 _
499 528 |
499 529 |
499 500 |
500 529 _
500 530 _
500 501 _
501 530 |
501 531 |
501 502 |
502 531 _
502 532 _
502 503 |
503 532 |
503 533 _
503 504 |
504 533 |
504 534 |
504 505 |
505 534 |
505 535 |
505 506 |
506 535 |
506 536 |
506 507 _
507 536 |
507 537 |
507 508 |
508 537 _
508 538 |
508 509 |
509 538 |
509 539 |
510 540 |
510 541 |
510 511 |
511 541 _
511 542 |
511 512 _
512 542 |
512 543 _
512 513 |
513 543 |
513 544 |
513 514 |
514 544 _
514 545 |
514 515 _
515 545 |
515 546 |
515 516 |
516 546 |
516 547 |
516 517 |
517 547 _
517 548 _
517 518 |
518 548 _
518 549 |
518 519 |
519 549 |
519 550 |
519 520 _
520 550 |
520 551 _
520 521 |
521 551 |
521 552 _
521 522 |
522 552 |
522 553 _
522 523 |
523 553 |
523 554 _
523 524 _
524 554 |
524 555 _
524 525 |
525 555 |
525 556 |
525 526 |
526 556 _
526 557 |
526 527 _
527 557 |
527 558 |
527 528 |
528 558 _
528 559 |
528 529 _
529 559 |
529 560 |
529 530 |
530 560 |
530 561 |
530 531 _
531 561 |
531 562 |
531 532 |
532 562 |
532 563 |
532 533 _
533 563 |
533 564 |
533 534 |
534 564 _
534 565 |
534 535 _
535 565 |
535 566 |
535 536 _
536 566 |
536 567 _
536 537 _
537 567 |
537 568 |
537 538 _
538 568 |
538 569 |
538 539 _
539 569 _
540 570 _
540 541 _
541 570 |
541 571 |
541 542 |
542 571 |
542 572 _
542 543 |
543 572 |
543 573 _
543 544 _
544 573 |
544 574 |
544 545 |
545 574 _
545 575 _
545 546 |
546 575 _
546 576 |
546 547 _
547 576 |
547 577 |
547 548 |
548 577 |
548 578 |
548 549 |
549 578 |
549 579 _
549 550 _
550 579 |
550 580 _
550 551 |
551 580 |
551 581 |
551 552 _
552 581 |
552 582 |
552 553 |
553 582 |
553 583 |
553 554 |
554 583 _
554 584 |
554 555 |
555 584 _
555 585 |
555 556 |
556 585 |
556 586 _
556 557 |
557 586 |
557 587 _
557 558 |
558 587 |
558 588 _
558 559 |
559 588 _
559 589 |
559 560 _
560 589 |
560 590 _
560 561 |
561 590 |
561 591 |
561 562 _
562 591 _
562 592 |
562 563 _
563 592 _
563 593 |
563 564 |
564 593 |
564 594 |
564 565 |
565 594 _
565 595 |
565 566 _
566 595 _
566 596 |
566 567 |
567 596 |
567 597 |
567 568 _
568 597 |
568 598 |
568 569 |
569 598 _
569 599 _
570 571 _
571 572 _
572 573 |
573 574 _
574 575 |
575 576 _
576 577 _
577 578 _
578 579 _
579 580 |
580 581 _
581 582 _
582 583 _
583 584 |
584 585 _
585 586 _
586 587 |
587 588 _
588 589 |
589 590 _
590 591 _
591 592 |
592 593 _
593 594 _
594 595 |
595 596 _
596 597 _
597 598 _
598 599 |
