565
0 20 _
0 1 _
1 21 |
1 2 _
2 22 |
2 3 _
3 23 _
3 4 _
4 24 |
4 5 |
5 25 |
5 6 _
6 26 |
6 7 _
7 27 |
7 8 _
8 28 _
8 9 _
9 29 |
9 10 _
10 30 |
10 11 |
11 31 |
11 12 _
12 32 _
12 13 |
13 33 |
13 14 _
14 34 _
14 15 |
15 35 _
15 16 _
16 36 _
16 17 |
17 37 _
17 18 |
18 38 _
18 19 _
19 39 |
20 40 _
20 21 _
21 41 |
21 22 _
22 42 |
22 23 |
23 43 |
23 24 |
24 44 |
24 25 _
25 45 _
25 26 |
26 46 _
26 27 _
27 47 _
27 28 |
28 48 _
28 29 |
29 49 _
29 30 _
30 50 _
30 31 |
31 51 |
31 32 _
32 52 _
32 33 |
33 53 _
33 34 _
34 54 |
34 35 |
35 55 _
35 36 |
36 56 |
36 37 _
37 57 |
37 38 |
38 58 _
38 39 |
39 59 _
40 60 _
40 41 _
41 61 |
41 42 _
42 62 |
42 43 |
43 63 _
43 44 |
44 64 |
44 45 _
45 65 _
45 46 |
46 66 _
46 47 |
47 67 |
47 48 _
48 68 _
48 49 |
49 69 |
49 50 |
50 70 _
50 51 _
51 71 _
51 52 |
52 72 _
52 53 _
53 73 |
53 54 |
54 74 _
54 55 |
55 75 _
55 56 _
56 76 |
56 57 |
57 77 _
57 58 |
58 78 _
58 59 _
59 79 |
60 80 _
60 61 _
61 81 |
61 62 _
62 82 |
62 63 |
63 83 _
63 64 _
64 84 |
64 65 |
65 85 _
65 66 |
66 86 |
66 67 |
67 87 _
67 68 |
68 88 _
68 69 |
69 89 _
69 70 |
70 90 |
70 71 |
71 91 |
71 72 _
72 92 _
72 73 _
73 93 _
73 74 |
74 94 _
74 75 |
75 95 |
75 76 _
76 96 |
76 77 _
77 97 _
77 78 |
78 98 |
78 79 _
79 99 _
80 100 _
80 81 |
81 101 _
81 82 _
82 102 |
82 83 |
83 103 |
83 84 _
84 104 _
84 85 |
85 105 _
85 86 |
86 106 _
86 87 |
87 107 |
87 88 _
88 108 _
88 89 _
89 109 _
89 90 _
90 110 |
90 91 _
91 111 |
91 92 _
92 112 _
92 93 |
93 113 |
93 94 _
94 114 _
94 95 |
95 115 _
95 96 |
96 116 _
96 97 _
97 117 _
97 98 |
98 118 _
98 99 _
99 119 |
100 120 _
100 101 _
101 121 |
101 102 _
102 122 _
102 103 _
103 123 _
103 104 _
104 124 |
104 105 _
105 125 _
105 106 _
106 126 _
106 107 |
107 127 |
107 108 _
108 128 _
108 109 |
109 129 |
109 110 |
110 130 _
110 111 _
111 131 |
111 112 |
112 132 |
112 113 |
113 133 _
113 114 |
114 134 |
114 115 _
115 135 |
115 116 |
116 136 |
116 117 |
117 137 _
117 118 |
118 138 |
118 119 _
119 139 _
120 140 |
120 121 _
121 141 |
121 122 |
122 142 |
122 123 |
123 143 |
123 124 _
124 144 |
124 125 |
125 145 _
125 126 |
126 146 |
126 127 |
127 147 _
127 128 _
128 148 _
128 129 |
129 149 _
129 130 _
130 150 |
130 131 _
131 151 |
131 132 |
132 152 |
132 133 _
133 153 _
133 134 _
134 154 _
134 135 |
135 155 |
135 136 _
136 156 _
136 137 _
137 157 |
137 138 |
138 158 |
138 139 _
139 159 _
140 160 _
140 141 |
141 161 |
141 142 _
142 162 _
142 143 _
143 163 _
143 144 |
144 164 _
144 145 _
145 165 |
145 146 _
146 166 |
146 147 _
147 167 |
147 148 |
148 168 |
148 149 _
149 169 |
149 150 _
150 170 _
150 151 |
151 171 |
151 152 _
152 172 |
152 153 _
153 173 _
153 154 |
154 174 _
154 155 _
155 175 |
155 156 |
156 176 _
156 157 |
157 177 _
157 158 _
158 178 |
158 159 _
159 179 _
160 180 _
160 161 _
161 181 _
161 162 _
162 182 _
162 163 |
163 183 |
163 164 |
164 184 _
164 165 |
165 185 _
165 166 |
166 186 _
166 167 |
167 187 |
167 168 _
168 188 _
168 169 _
169 189 |
169 170 _
170 190 _
170 171 _
171 191 _
171 172 _
172 192 _
172 173 _
173 193 |
173 174 |
174 194 |
174 175 _
175 195 _
175 176 _
176 196 |
176 177 _
177 197 _
177 178 _
178 198 |
178 179 |
179 199 _
180 200 |
180 181 |
181 201 |
181 182 |
182 202 |
182 183 _
183 203 _
183 184 _
184 204 |
184 185 |
185 205 |
185 186 _
186 206 _
186 187 _
187 207 _
187 188 _
188 208 |
188 189 |
189 209 _
189 190 |
190 210 _
190 191 |
191 211 |
191 192 |
192 212 _
192 193 |
193 213 _
193 194 |
194 214 _
194 195 |
195 215 _
195 196 |
196 216 _
196 197 |
197 217 _
197 198 _
198 218 |
198 199 |
199 219 |
200 220 _
200 201 |
201 221 _
201 202 |
202 222 _
202 203 _
203 223 |
203 204 _
204 224 |
204 205 _
205 225 |
205 206 |
206 226 |
206 207 |
207 227 |
207 208 _
208 228 |
208 209 |
209 229 _
209 210 _
210 230 _
210 211 |
211 231 |
211 212 _
212 232 _
212 213 |
213 233 _
213 214 _
214 234 |
214 215 _
215 235 |
215 216 |
216 236 _
216 217 |
217 237 |
217 218 _
218 238 _
218 219 _
219 239 _
220 240 _
220 221 _
221 241 |
221 222 _
222 242 _
222 223 _
223 243 |
223 224 _
224 244 |
224 225 |
225 245 _
225 226 |
226 246 |
226 227 _
227 247 _
227 228 |
228 248 _
228 229 |
229 249 |
229 230 |
230 250 _
230 231 |
231 251 |
231 232 _
232 252 _
232 233 |
233 253 _
233 234 |
234 254 |
234 235 _
235 255 _
235 236 |
236 256 _
236 237 _
237 257 |
237 238 _
238 258 |
238 239 |
239 259 |
240 260 |
240 241 _
241 261 |
241 242 |
242 262 _
242 243 |
243 263 _
243 244 _
244 264 |
244 245 _
245 265 |
245 246 |
246 266 |
246 247 _
247 267 _
247 248 |
248 268 |
248 249 _
249 269 |
249 250 _
250 270 |
250 251 _
251 271 _
251 252 |
252 272 |
252 253 |
253 273 |
253 254 |
254 274 _
254 255 _
255 275 _
255 256 _
256 276 _
256 257 |
257 277 _
257 258 |
258 278 _
258 259 _
259 279 |
260 280 _
260 261 _
261 281 _
261 262 _
262 282 |
262 263 _
263 283 _
263 264 |
264 284 _
264 265 _
265 285 |
265 266 _
266 286 _
266 267 _
267 287 |
267 268 |
268 288 _
268 269 |
269 289 _
269 270 |
270 290 _
270 271 |
271 291 |
271 272 |
272 292 _
272 273 |
273 293 _
273 274 _
274 294 _
274 275 |
275 295 |
275 276 |
276 296 |
276 277 _
277 297 _
277 278 _
278 298 _
278 279 |
279 299 _
280 281 |
281 282 _
282 283 |
283 284 |
284 285 _
285 286 |
286 287 _
287 288 _
288 289 _
289 290 _
290 291 _
291 292 _
292 293 _
293 294 |
294 295 _
295 296 |
296 297 _
297 298 |
298 299 _
