275
0 15 _
0 1 |
1 16 |
1 2 _
2 17 |
2 3 _
3 18 _
3 4 _
4 19 |
4 5 _
5 20 _
5 6 _
6 21 |
6 7 _
7 22 |
7 8 _
8 23 |
8 9 _
9 24 _
9 10 |
10 25 _
10 11 _
11 26 |
11 12 _
12 27 _
12 13 |
13 28 _
13 14 _
14 29 _
15 30 |
15 16 _
16 31 |
16 17 _
17 32 _
17 18 |
18 33 |
18 19 _
19 34 |
19 20 |
20 35 _
20 21 |
21 36 _
21 22 _
22 37 |
22 23 _
23 38 _
23 24 |
24 39 _
24 25 |
25 40 _
25 26 _
26 41 _
26 27 |
27 42 |
27 28 _
28 43 |
28 29 |
29 44 |
30 45 _
30 31 _
31 46 _
31 32 |
32 47 |
32 33 _
33 48 |
33 34 _
34 49 |
34 35 _
35 50 |
35 36 |
36 51 |
36 37 _
37 52 _
37 38 |
38 53 _
38 39 |
39 54 _
39 40 |
40 55 _
40 41 |
41 56 |
41 42 _
42 57 |
42 43 _
43 58 |
43 44 _
44 59 _
45 60 _
45 46 |
46 61 |
46 47 |
47 62 _
47 48 _
48 63 _
48 49 _
49 64 |
49 50 _
50 65 |
50 51 |
51 66 _
51 52 _
52 67 |
52 53 |
53 68 |
53 54 _
54 69 |
54 55 |
55 70 |
55 56 _
56 71 |
56 57 _
57 72 _
57 58 |
58 73 _
58 59 _
59 74 |
60 75 _
60 61 _
61 76 _
61 62 |
62 77 _
62 63 |
63 78 |
63 64 _
64 79 |
64 65 _
65 80 |
65 66 _
66 81 |
66 67 |
67 82 _
67 68 _
68 83 |
68 69 |
69 84 _
69 70 _
70 85 |
70 71 _
71 86 |
71 72 _
72 87 |
72 73 |
73 88 |
73 74 _
74 89 _
75 90 _
75 76 |
76 91 |
76 77 _
77 92 |
77 78 |
78 93 |
78 79 _
79 94 |
79 80 _
80 95 |
80 81 _
81 96 |
81 82 _
82 97 |
82 83 _
83 98 |
83 84 _
84 99 |
84 85 _
85 100 |
85 86 _
86 101 _
86 87 _
87 102 |
87 88 _
88 103 |
88 89 |
89 104 _
90 105 _
90 91 |
91 106 |
91 92 _
92 107 _
92 93 _
93 108 |
93 94 _
94 109 _
94 95 |
95 110 _
95 96 _
96 111 |
96 97 _
97 112 |
97 98 _
98 113 |
98 99 _
99 114 |
99 100 _
100 115 _
100 101 |
101 116 _
101 102 |
102 117 _
102 103 _
103 118 |
103 104 _
104 119 _
105 120 |
105 106 _
106 121 _
106 107 |
107 122 _
107 108 |
108 123 _
108 109 |
109 124 _
109 110 |
110 125 |
110 111 _
111 126 |
111 112 _
112 127 _
112 113 |
113 128 _
113 114 |
114 129 _
114 115 _
115 130 |
115 116 |
116 131 _
116 117 |
117 132 _
117 118 |
118 133 |
118 119 _
119 134 |
120 135 _
120 121 |
121 136 _
121 122 |
122 137 _
122 123 |
123 138 _
123 124 |
124 139 |
124 125 _
125 140 |
125 126 _
126 141 |
126 127 _
127 142 |
127 128 |
128 143 _
128 129 |
129 144 |
129 130 _
130 145 _
130 131 |
131 146 |
131 132 |
132 147 |
132 133 _
133 148 |
133 134 _
134 149 _
135 136 _
136 137 _
137 138 |
138 139 _
139 140 _
140 141 _
141 142 _
142 143 _
143 144 _
144 145 _
145 146 _
146 147 _
147 148 _
148 149 _
